4 4 2
1 2 3 4
5 6 7 8
9 10 11 12
13 14 15 16
=
5 4 7
1 2 3 4
7 8 9 10
13 14 15 16
19 20 21 22
25 26 27 28
=
2 2 3
1 1
1 1
=
2 2 3
1 2
3 4
=
5 2 5
2 2
1 3
1 3
1 3
4 4
=
2 4 3
1 2 3 4
5 6 7 8
=
4 2 3
1 2
3 4
5 6
7 8
=
9 4 7
1 1 1 1
2 2 2 2
3 3 3 3
4 4 4 4
5 5 5 5
6 6 6 6
7 7 7 7
8 8 8 8
9 9 9 9
=
5 4 6
1 1 1 1
2 2 2 2
3 3 3 3
4 4 4 4
5 5 5 5
=
4 9 7
1 2 3 4 5 6 7 8 9
1 2 3 4 5 6 7 8 9
1 2 3 4 5 6 7 8 9
1 2 3 4 5 6 7 8 9
=
6 9 7
1 2 3 4 5 6 7 8 9
1 2 3 4 5 6 7 8 9
1 2 3 4 5 6 7 8 9
1 2 3 4 5 6 7 8 9
1 2 3 4 5 6 7 8 9
1 2 3 4 5 6 7 8 9